39,35
3,2
3,1
3,3
10,302
10,256
10,66
10,228
10,198
10,152
10,186
10,32
10,2
10,3
11,4
11,15
11,8
11,27
11,5
11,2
11,3
9,7
9,4
9,1
9,6
9,2
9,3
8,17
8,4
8,16
8,6
8,11
8,2
8,3
0,318
36,7
36,6
36,5
36,4
36,3
36,1
35,4
35,3
35,1
34,78
34,77
34,76
34,75
34,74
34,73
34,72
34,71
34,70
34,69
34,68
34,67
34,66
34,65
34,64
34,37
34,36
34,35
34,34
34,33
34,32
34,31
34,30
34,29
34,28
34,27
34,26
34,25
34,24
34,23
34,22
34,21
34,20
34,19
34,18
34,17
34,16
34,15
34,14
34,13
34,12
34,11
34,10
34,9
34,8
34,7
34,6
34,5
34,4
34,3
34,1
32,5
32,3
32,1
30,3
30,1
29,5
29,4
29,3
29,1
28,5
28,3
28,1
26,5
26,4
26,3
26,1
25,4
25,3
25,1
20,3
20,2
